1 3.18609818E9
2 3.86505114E9
3 3.17561242E9
4 3.12161075E9
5 3.1368151E9
6 3.27575142E9
7 3.18767104E9
8 3.21650688E9
9 3.14834944E9
10 3.28518861E9
11 3.20654541E9
12 3.07180339E9
13 3.23590554E9
14 3.21440973E9
15 3.22122547E9
16 3.16250522E9
17 3.26211994E9
18 3.20864256E9
19 3.22751693E9
20 3.19972966E9
21 3.22384691E9
22 3.24586701E9
23 3.1546409E9
24 3.3465303E9
25 3.29515008E9
26 3.19081677E9
27 3.21703117E9
28 3.24691558E9
29 3.17823386E9
30 3.20602112E9
31 3.23433267E9
32 3.39738624E9
33 3.18871962E9
34 3.20969114E9
35 3.23852698E9
36 3.30249011E9
37 3.27575142E9
38 3.26316851E9
39 3.4471936E9
40 3.11689216E9
41 3.41416346E9
42 3.23066266E9
43 3.19081677E9
44 3.19186534E9
45 3.10430925E9
46 3.31507302E9
47 3.19081677E9
48 3.2988201E9
49 3.31402445E9
50 3.33185024E9
