1 3.28951398E9
2 4.4155863E9
3 6.0717793E9
4 6.0385853E9
5 5.9535196E9
6 6.18863E9
7 6.2684529E9
8 6.3317606E9
9 6.2894244E9
10 6.1929882E9
11 6.2268703E9
12 6.2006231E9
13 6.2755308E9
14 6.23693E9
15 6.3677399E9
16 6.2594417E9
17 6.3942492E9
18 6.3235031E9
19 6.2938808E9
20 6.2181212E9
21 6.2607196E9
22 6.3586304E9
23 6.3881871E9
24 6.2533796E9
25 6.3548948E9
26 6.3827476E9
27 6.4404193E9
28 6.3113134E9
29 6.4282296E9
30 6.4393708E9
31 6.3348408E9
32 6.3064637E9
33 6.2929633E9
34 6.2847058E9
35 6.3920538E9
36 6.4676168E9
37 6.3780291E9
38 6.4788234E9
39 6.2710743E9
40 6.421676E9
41 6.4701071E9
42 6.4052265E9
43 6.5509786E9
44 6.4521503E9
45 6.4965181E9
46 6.4883917E9
47 6.4043745E9
48 6.3103959E9
49 6.4443515E9
50 6.3356273E9
51 6.456148E9
52 6.5024819E9
53 6.3577129E9
54 6.4629637E9
55 6.3769805E9
56 6.4635535E9
