1 1.26877696E9
2 1.11869952E9
3 1.3631488E9
4 1.29735066E9
5 1.26078157E9
6 1.25226189E9
7 1.22139443E9
8 1.31255501E9
9 1.38733158E9
10 1.42658765E9
11 1.32402381E9
12 1.23987558E9
13 1.37986048E9
14 1.35056589E9
15 1.26943232E9
16 1.24852634E9
17 1.39932467E9
18 1.26674534E9
19 1.41564314E9
20 1.43281357E9
21 1.3771735E9
22 1.32998758E9
23 1.28306381E9
24 1.52161485E9
25 1.36963686E9
26 1.39152589E9
27 1.52240128E9
28 1.302528E9
29 1.45181901E9
30 1.33555814E9
31 1.40908954E9
32 1.34361907E9
33 1.50260941E9
34 1.29905459E9
35 1.33005312E9
36 1.38202317E9
37 1.40876186E9
38 1.37605939E9
39 1.41905101E9
40 1.28974848E9
41 1.2968919E9
42 1.32598989E9
43 1.43228928E9
44 1.41833011E9
45 1.33850726E9
46 1.38641408E9
47 1.42416282E9
48 1.29256653E9
49 1.3247447E9
50 1.43340339E9
