1 7.281836E9
2 8.2045829E9
3 9.688318E9
4 9.7433682E9
5 9.7968456E9
6 9.7040466E9
7 9.6893665E9
8 9.7486111E9
9 9.9766764E9
10 1.00186194E10
11 1.00810097E10
12 1.08742574E10
13 1.07316511E10
14 1.00296294E10
15 1.00631839E10
16 9.8015642E9
17 9.9971236E9
18 9.972482E9
19 9.8503229E9
20 1.01696143E10
21 1.00705239E10
22 1.00180951E10
23 1.00254351E10
24 9.9536077E9
25 1.02529761E10
26 1.00228137E10
27 1.01795758E10
28 9.9824435E9
29 9.9751035E9
30 9.9488891E9
31 9.9425976E9
32 1.03924367E10
33 1.00091822E10
34 1.00448338E10
35 1.00097065E10
36 9.9368305E9
37 9.9279176E9
38 1.00710482E10
39 1.00694753E10
40 1.01213798E10
41 1.00752425E10
42 9.9200532E9
43 9.9945021E9
44 1.01769544E10
45 1.0081534E10
46 1.02021202E10
47 1.04081654E10
48 1.00941169E10
49 1.00374938E10
50 1.02293832E10