1 1.40341248E9
2 1.39862835E9
3 1.38411213E9
4 1.41923533E9
5 1.43024947E9
6 1.44101376E9
7 1.47858637E9
8 1.51223501E9
9 1.47351142E9
10 1.4280745E9
11 1.51569613E9
12 1.46905907E9
13 1.4792745E9
14 1.65320294E9
15 1.4907351E9
16 1.46113741E9
17 1.48650803E9
18 1.4829568E9
19 1.51651942E9
20 1.53136742E9
21 1.66335283E9
22 1.53787597E9
23 1.4926807E9
24 1.59335219E9
25 1.49876736E9
26 1.52055808E9
27 1.49978317E9
28 1.54681344E9
29 1.3829079E9
30 1.40105318E9
31 1.56001894E9
32 1.4748713E9
33 1.38735616E9
34 1.58108877E9
35 1.50075802E9
36 1.38308813E9
37 1.43214182E9
38 1.53271501E9
39 1.49938995E9
40 1.49877555E9
41 1.48919091E9
42 1.45883955E9
43 1.45392435E9
44 1.61214464E9
45 1.36510669E9
46 1.56718694E9
47 1.45846272E9
48 1.4921728E9
49 1.5840215E9
50 1.4067712E9
