1 3.6436009E9
2 4.6727148E9
3 6.4879411E9
4 6.266327E9
5 6.452736E9
6 6.5401487E9
7 6.4252682E9
8 6.6006794E9
9 6.5644708E9
10 6.4522076E9
11 6.6368799E9
12 6.6830664E9
13 6.6419671E9
14 6.4660111E9
15 6.4558121E9
16 6.3585075E9
17 6.6020639E9
18 6.5518387E9
19 6.5366426E9
20 6.711296E9
21 6.5719992E9
22 6.6014085E9
23 6.6511831E9
24 6.5849098E9
25 6.4597033E9
26 6.6738422E9
27 6.534398E9
28 6.5556316E9
29 6.607274E9
30 6.5968538E9
31 6.505513E9
32 6.6402877E9
33 6.612222E9
34 6.6190213E9
35 6.5468334E9
36 6.6226258E9
37 6.6599977E9
38 6.6693693E9
39 6.6209382E9
40 6.7417866E9
41 6.6854912E9
42 6.7089203E9
43 6.7029893E9
44 6.7030876E9
45 6.7644948E9
46 6.6079949E9
47 6.6180547E9
48 6.6580644E9
49 6.6930278E9
50 6.6484634E9
