2 1.59383552E8
3 4.16284672E8
4 2.84164096E8
5 4.9938432E8
6 2.99106304E8
7 3.49175808E8
8 3.080192E8
9 5.32676608E8
10 1.17178368E8
11 2.59784704E8
12 4.42761216E8
13 2.23346688E8
14 2.0447232E8
15 1.57810688E8
16 1.5990784E8
17 1.81141504E8
18 9.6809779E8
19 5.5181312E8
20 3.9714816E8
21 9.9876864E8
22 2.9097984E8
23 1.87459174E9
24 2.61881856E8
25 4.66878464E8
26 8.2208358E8
27 4.57703424E8
28 5.415895E8
29 4.34896896E8
30 3.89545984E8
31 6.2232986E8
32 3.57040128E8
33 2.47463936E8
34 6.4094208E8
35 7.7253837E8
36 3.15621376E8
37 3.59399424E8
38 8.4489011E8
39 2.87571968E8
40 7.0988595E8
41 1.28660275E9
2 1.7563648E8
3 1.17702656E9
4 2.0447232E8
5 1.07426611E9
6 2.49823232E8
7 5.34511616E8
8 3.12213504E8
9 1.48688077E9
10 6.464471E8
11 2.30948864E8
12 2.72367616E8
13 5.9978547E8
14 3.29252864E8
15 5.3923021E8
16 1.01633229E9
17 1.96083712E8
18 2.1364736E8
19 3.63855872E8
20 2.23346688E8
21 1.81246362E9
22 1.63053568E8
23 6.6060288E8
24 3.12475648E8
25 3.41311488E8
26 7.1172096E8
27 6.0030976E8
28 2.67649024E8
29 2.5427968E8
30 4.36731904E8
31 6.183977E8
32 1.21923174E9
33 3.71982336E8
34 1.3893632E9
35 1.50890086E9
36 8.4829798E8
37 3.9845888E8
38 4.29129728E8
39 9.3532979E8
40 9.2353331E8
41 2.07355904E8
2 1.59121408E8
3 6.1341696E8
4 4.79985664E8
5 8.3361792E8
6 7.7175194E8
7 7.8774272E8
8 1.21556173E9
9 3.09854208E8
10 2.3330816E8
11 3.79846656E8
12 3.83516672E8
13 1.57810688E8
14 3.2243712E8
15 7.8433485E8
16 2.2806528E8
17 2.35667456E8
18 5.20617984E8
19 5.7094963E8
20 3.79584512E8
21 2.8966912E8
22 1.30128282E9
23 8.805417E8
24 3.86924544E8
25 8.5537587E8
26 1.2976128E9
27 5.29793024E8
28 1.81141504E8
29 5.6413389E8
30 2.47201792E8
31 5.9296973E8
32 6.249513E8
33 4.456448E8
34 2.31473152E8
35 6.7842867E8
36 1.49736653E9
37 2.02113024E8
38 1.51991091E9
39 1.0920919E9
40 6.3465062E8
41 2.79707648E8
2 8.9915392E7
3 8.2024858E8
4 1.07872256E9
5 7.3138176E8
6 6.1210624E8
7 3.6962304E8
8 9.9431219E8
9 3.03562752E8
10 1.43235482E9
11 1.12590848E9
12 1.44965632E8
13 3.27155712E8
14 2.29376E8
15 2.31735296E8
16 3.3685504E8
17 1.41007258E9
18 1.89792256E8
19 2.45628928E8
20 2.78396928E8
21 2.00278016E8
22 1.12984064E8
23 4.54295552E8
24 1.8219008E8
25 2.6738688E8
26 1.19354163E9
27 3.19029248E8
28 1.6646144E8
29 3.21388544E8
30 2.17317376E8
31 7.1329382E8
32 5.8903757E8
33 7.494697E8
34 5.5181312E8
35 6.2075699E8
36 2.68173312E8
37 7.840727E8
38 3.12999936E8
39 5.4997811E8
40 5.6046387E8
41 8.2182144E8
